2.7388 2.4670 1	
3.6384 24.5927 1
8.7844 10.6871 1
11.2892 2.6507 2
19.6054 16.8974 1
25.8811 8.0084 3
33.3780 3.4593 2
43.3384 9.1784 2
46.2163 19.0238 3
47.3548 17.2323 1
55.8328 2.4471 2
60.0882 1.4956 2
60.7434 11.2697 1
68.4218 12.0182 1
68.5855 8.1084 1
70.4307 6.0102 1
72.7153 1.3729 3
75.1113 14.3431 3
80.5883 19.4125 2
90.3511 18.1102 1
97.8430 7.1349 1
101.0268 7.6361 1
107.2454 6.2390 1
116.3251 1.7595 1
121.6605 21.4984 2
126.9861 12.7225 1
133.4377 10.0616 1
141.4507 9.6894 3
150.2640 21.5524 3
154.1471 24.9565 1
163.0784 23.9492 2
172.2447 12.3279 1
173.0574 22.8647 1
173.6316 19.0945 1
179.2535 5.5698 1
184.7606 23.8030 3
190.9555 6.2745 2
200.4260 5.0256 1
200.5650 22.2527 1
205.7671 17.6058 1
208.1635 21.0320 1
210.4348 18.0509 2
218.9224 15.3343 1 
227.9540 9.3745 1
230.4761 11.9167 1
232.1588 20.9174 1
241.2872 24.4420 3
249.2442 14.5648 3
250.4246 4.0302 2
252.8030 20.0261 1
256.5938 15.5701 1
263.5607 8.3969 1
268.7178 5.0341 2
278.0610 3.0989 3
278.1877 2.9723 2
281.4533 7.1109 1
284.7317 22.8856 1
285.6248 7.1387 1
285.6866 18.9891 1
293.7013 24.1526 1
303.6481 24.1642 2
307.3246 10.0625 3
310.6378 20.1107 2
311.4815 14.6697 1
320.3446 18.6701 1
326.7943 15.9900 1
332.4731 24.3111 1
336.6110 0.4531 3
341.8605 6.2377 1
350.6130 8.5424 1
359.6167 21.0481 2
367.7884 19.3669 1
372.3824 16.6363 1
375.0018 12.9653 1
384.5417 2.4295 1 
386.5845 5.0650 2
393.0889 6.6726 2
394.1722 4.9903 3
395.8895 16.6712 1
399.0871 1.1224 1
407.4454 24.7933 1
408.4703 10.7673 1
417.7299 10.7114 1
424.6991 22.3767 1
427.0056 10.1728 1
431.4238 7.1673 1
436.2789 22.6560 1
439.6380 3.2466 3
447.9529 20.6608 2
453.6868 14.3944 3
459.1031 23.4539 1
468.6316 8.6101 1
476.2365 7.6477 2
483.2087 0.7634 1
485.3300 9.0151 1
486.1855 14.9351 1
492.0770 16.8469 2
493.8769 4.1308 1 
502.0673 9.7773 1
509.4797 21.6816 3
0 0

